protocol | reorder | n | retransmissions_mean | retransmissions_ci95 | goodput_mean | goodput_ci95 | duration_mean | duration_ci95
StopAndWait | 0.00 | 5 | 0 | [0, 0] | 3.518e+04 | [3.518e+04, 3.518e+04] | 3.98 | [3.98, 3.98]
StopAndWait | 0.05 | 5 | 0 | [0, 0] | 3.391e+04 | [3.305e+04, 3.477e+04] | 4.13 | [4.022, 4.238]
StopAndWait | 0.10 | 5 | 0 | [0, 0] | 3.198e+04 | [3.107e+04, 3.288e+04] | 4.38 | [4.256, 4.504]
StopAndWait | 0.15 | 5 | 0 | [0, 0] | 3.006e+04 | [2.914e+04, 3.097e+04] | 4.66 | [4.517, 4.803]
StopAndWait | 0.20 | 5 | 0 | [0, 0] | 2.893e+04 | [2.827e+04, 2.96e+04] | 4.84 | [4.729, 4.951]
StopAndWait | 0.25 | 5 | 0 | [0, 0] | 2.708e+04 | [2.672e+04, 2.744e+04] | 5.17 | [5.102, 5.238]
GoBackN | 0.00 | 5 | 0 | [0, 0] | 2.8e+05 | [2.8e+05, 2.8e+05] | 0.5 | [0.5, 0.5]
GoBackN | 0.05 | 5 | 30.8 | [14.39, 47.21] | 7.364e+04 | [2.938e+04, 1.179e+05] | 2.42 | [0.7056, 4.134]
GoBackN | 0.10 | 5 | 55.2 | [33.94, 76.46] | 4.001e+04 | [5931, 7.409e+04] | 6.204 | [-0.665, 13.07]
GoBackN | 0.15 | 5 | 102.4 | [83.78, 121] | 8257 | [-2507, 1.902e+04] | 46.67 | [-6.76, 100.1]
GoBackN | 0.20 | 5 | 133 | [122, 144] | 1149 | [211.5, 2086] | 167.9 | [57.86, 278]
GoBackN | 0.25 | 5 | 164.8 | [120.5, 209.1] | 811.3 | [276, 1347] | 311.4 | [-137.4, 760.3]
SelectiveRepeat | 0.00 | 5 | 0 | [0, 0] | 2.8e+05 | [2.8e+05, 2.8e+05] | 0.5 | [0.5, 0.5]
SelectiveRepeat | 0.05 | 5 | 0 | [0, 0] | 2.377e+05 | [2.149e+05, 2.605e+05] | 0.592 | [0.5316, 0.6524]
SelectiveRepeat | 0.10 | 5 | 0 | [0, 0] | 2.038e+05 | [1.931e+05, 2.145e+05] | 0.688 | [0.6514, 0.7246]
SelectiveRepeat | 0.15 | 5 | 0 | [0, 0] | 1.744e+05 | [1.591e+05, 1.896e+05] | 0.806 | [0.7388, 0.8732]
SelectiveRepeat | 0.20 | 5 | 0 | [0, 0] | 1.614e+05 | [1.548e+05, 1.68e+05] | 0.868 | [0.8324, 0.9036]
SelectiveRepeat | 0.25 | 5 | 0 | [0, 0] | 1.528e+05 | [1.435e+05, 1.622e+05] | 0.918 | [0.8615, 0.9745]
